0.000000000000000000e+00
6.051630939580253665e-01
2.025284809919836171e+00
4.523654919985660605e+00
8.412279896939306667e+00
1.407853626640102718e+01
2.194187193985420237e+01
3.256898057510207423e+01
4.668109907581068541e+01
6.510839087655200785e+01
8.890197408747782504e+01
1.194153267056496475e+02
1.582066563424831713e+02
2.072235584750756345e+02
2.686644784371906098e+02
3.453326981667105429e+02
4.402906751132362615e+02
5.561743420443201558e+02
6.952235789104100832e+02
8.596278154543559822e+02
1.051497793907753021e+03
1.266172703369122701e+03
1.507560747586484467e+03
1.772353608236115406e+03
2.057592323076600678e+03
2.359072822621753403e+03
2.674038056448895986e+03
2.999109289339289262e+03
3.327607392100726429e+03
3.654239126057701469e+03
3.974470382078536659e+03
4.283851410547357773e+03
4.578331083713491353e+03
4.853435335798767483e+03
5.104831307920312611e+03
5.327058248099057892e+03
5.516802120583806754e+03
5.673546313299609210e+03
5.796085050112207682e+03
5.882300109074049033e+03
5.931718748405874067e+03
5.947582922910190973e+03
5.931003423585979363e+03
5.884475486506547895e+03
5.809457136301357423e+03
5.710423146629261282e+03
5.587905445254222286e+03
5.444013951173398709e+03
5.286576873867034919e+03
5.117281650383220040e+03
4.937116074722052872e+03
4.747657739776995186e+03
4.551656474721655286e+03
4.352850289754053847e+03
4.153905039960760405e+03
3.888040001746669077e+03
3.633946761532329674e+03
3.390583165938971888e+03
3.159982269014488793e+03
2.943432309541912673e+03
2.739689639886695204e+03
2.549157720634931138e+03
2.372683699925281417e+03
2.209374103370221746e+03
2.058485817794831746e+03
1.918037660241459889e+03
1.787539716291678360e+03
1.666704589753085656e+03
1.554296861204421930e+03
1.449928262459957750e+03
1.353188674780962174e+03
1.263716764548740912e+03
1.180162874240378187e+03
1.101210413118800489e+03
1.027220884303382263e+03
9.578234206058677955e+02
8.932703177867209661e+02
8.329495844836368406e+02
7.761835073151255529e+02
7.230766430917088883e+02
6.733368613879067652e+02
6.267036847029067985e+02
5.830803933056680535e+02
5.426005642284198984e+02
5.048940363331186632e+02
4.699712907070494339e+02
4.375088031016699119e+02
4.073153406047161980e+02
3.792601015969298146e+02
3.532436494027681988e+02
3.291155445718414967e+02
3.067631950572857136e+02
2.859512115583179934e+02
2.665951163267178572e+02
2.486191298835486805e+02
2.319639691229037055e+02
2.164492231972082266e+02
2.020775016230252561e+02
1.887120216969596243e+02
1.762107068446197786e+02
1.645851022366952350e+02
1.537759160598456276e+02
