1.982682917333929984e+00
4.603743708398349455e+00
7.274020474000367997e+00
9.773332931247844968e+00
4.831366852590722516e+00
6.987059574664518991e+00
4.546832028751076393e+00
2.515334158392308339e+00
4.171994877687057901e+00
8.443525269517905940e+00
5.743583961756883127e+00
2.105654976748077445e+00
1.173790531578015717e+01
9.110966761510264078e+00
7.740958931203438809e+00
5.649939995205542687e+00
8.731359857347962716e+00
7.996164936665993928e+00
7.239913586848450322e+00
4.568147544667427340e+00
3.538076521207641711e+00
9.419071940055429693e+00
8.332880162607059660e+00
1.008680024201493808e+01
6.590479840606199957e+00
2.769550486469170014e+00
5.393614347969580614e+00
2.294488960878694250e+00
6.772039721995172457e+00
1.935175505692088294e+01
1.070410350702037938e+01
3.118381023791208406e+00
9.735130291819897863e+00
3.595098739045127445e+00
1.036195352168840955e+01
1.235050945914206011e+01
6.377234757484099958e+00
2.949788640796262129e+00
1.912008255207523710e+00
3.683548584921449542e+00
3.062881271332362321e+00
9.539248724845297289e+00
1.586783039661828276e+01
3.838722653149519459e+01
6.300569683849445113e+01
7.566656033581044483e+01
4.657753254386640407e+01
6.051351927755753479e+01
3.933185680106194582e+01
1.364068720466392648e+01
3.142997119395475636e+01
6.894676796428980481e+01
4.846455849770349289e+01
1.638268762968950654e+01
7.381786425260051487e+01
6.788294068791611835e+01
5.918298622079583282e+01
5.594397526937119380e+01
8.519212212931986983e+01
4.874560991456431225e+01
5.562001537583439870e+01
3.590900869874837298e+01
2.731461837528365777e+01
5.843230338946616342e+01
5.273428487562050293e+01
5.406538104253158394e+01
3.697090291909621840e+01
1.683118733622960050e+01
3.778694353759532021e+01
1.579206345425818014e+01
5.263013164737040483e+01
1.199059006636088043e+02
9.095748855269798128e+01
2.281408921429075676e+01
6.615356837387972178e+01
2.412637246670046665e+01
8.175899790801875611e+01
9.624568660751515381e+01
4.563011312735489611e+01
2.051395010558473331e+01
1.961598670314475257e+01
3.521643476129207784e+01
2.918352807892146217e+01
9.011838437984853556e+01
6.819072090413054354e+01
1.814265042192870965e+02
2.989412899586349113e+02
3.443367229286023985e+02
2.294519513648581892e+02
2.903440660292179700e+02
1.865331396794763634e+02
4.979464548285088910e+01
1.284211185913176223e+02
3.207866130464760772e+02
2.275658625043116672e+02
7.624011362584134588e+01
3.115322557185486403e+02
3.068779628260425625e+02
2.676592450807077057e+02
2.737218003139291795e+02
4.218332461553051189e+02
1.943106189827905155e+02
2.440747313676750991e+02
1.579762785139956236e+02
1.182608662212828250e+02
2.053185404085338064e+02
1.884846529971235896e+02
1.733991318023886379e+02
1.205305011946351357e+02
5.787739276345854478e+01
1.424321654045239143e+02
5.925269821534746484e+01
2.235977204284317281e+02
4.864735553869751925e+02
4.080209030800524488e+02
9.751370563602949915e+01
2.721099918706999574e+02
1.027329957387313186e+02
3.755937353581130083e+02
4.385121352229217564e+02
1.999057495959519031e+02
8.693839270517025852e+01
1.014687312718997418e+02
1.743600005516431111e+02
1.470362726059235285e+02
4.501898447870058817e+02
1.708574347612969291e+02
5.010739092017248595e+02
8.249224300982307341e+02
9.157323072143042282e+02
6.439898597791229804e+02
8.067862741463723069e+02
5.174835717843956218e+02
1.144611531438749523e+02
2.967748025804823442e+02
8.808693892870669515e+02
6.206910530639045191e+02
2.007793350265292815e+02
7.976599379065432913e+02
8.294134717133175627e+02
6.967236986275887602e+02
7.083658386070638926e+02
1.113711868035798034e+03
4.688254865371590085e+02
6.239585876878868476e+02
4.110151846772996009e+02
3.008114951423194157e+02
4.041529346514861345e+02
3.672915979897397847e+02
3.339657325835621009e+02
2.256581341760878558e+02
1.184255291428623167e+02
2.975705411688949198e+02
1.203098742255447036e+02
5.331665203367087997e+02
1.168840679565789742e+03
1.008286530203186658e+03
2.319039836733235518e+02
6.478282983115985871e+02
2.516614406794538468e+02
9.875583415251978749e+02
1.152542700500545607e+03
5.166689923794292554e+02
2.287310966995566162e+02
2.720902100694382284e+02
4.555927104752737478e+02
3.817756731804362857e+02
1.123459868633861788e+03
2.741724291527892206e+02
8.650289846513351222e+02
1.431070831393857816e+03
1.526529453673995249e+03
1.122771647385322467e+03
1.401253912919982213e+03
9.123091213110524222e+02
1.733690301687165061e+02
4.480313830619957116e+02
1.533713823323136467e+03
1.057397004456381637e+03
3.156405275334087150e+02
1.263329012606633569e+03
1.397403464979856381e+03
1.133437826358000393e+03
1.090835132322186610e+03
1.763429589819958437e+03
7.392496536837329586e+02
1.020084045145800474e+03
6.873624319816897241e+02
4.937311321572857423e+02
5.274572049663590860e+02
4.690105388074562711e+02
4.544626657088388697e+02
2.881227441463229866e+02
1.762867854351862889e+02
4.123314255342380648e+02
1.665995838959304933e+02
7.904364628820948155e+02
1.720983818402732823e+03
1.511739274919169702e+03
3.383313761104654986e+02
9.533976531677340063e+02
3.775578213558387120e+02
1.575599001621723346e+03
1.877831695889401544e+03
8.277576388700522330e+02
3.831077647873249248e+02
4.313608063476914367e+02
7.078634218132707474e+02
5.848011635145099945e+02
1.624900173263793704e+03
3.137627252848048443e+02
1.041825546043291070e+03
1.735638927315733554e+03
1.790968294592584925e+03
1.371133388731414925e+03
1.687691929854794807e+03
1.129923988734262593e+03
1.901073016959051643e+02
4.908071665282708409e+02
1.842832597427905966e+03
1.260659780683112558e+03
3.435544548351192020e+02
1.379825432615500176e+03
1.636964273134458153e+03
1.300717835929419607e+03
1.154220312654058489e+03
1.922641750017534378e+03
8.512779822829584191e+02
1.173106495851515319e+03
7.963478785382480964e+02
5.738739688264105325e+02
5.171315261652127901e+02
4.521280803423979933e+02
4.854878963744331486e+02
2.761696993734274770e+02
2.272663233177405573e+02
4.197785013975869788e+02
1.716161320723155939e+02
8.175800849484276114e+02
1.758445077420472217e+03
1.582323707421780455e+03
3.501738595538602681e+02
9.848682589043378357e+02
3.934476208690424528e+02
1.724016130552069626e+03
2.120249137350928322e+03
9.169292939878943116e+02
4.521888952871578908e+02
4.708885106947624308e+02
7.553245915878169399e+02
6.168364853316915060e+02
1.616229128882598843e+03
2.861109072579991448e+02
9.645725607383726583e+02
1.612367850376002480e+03
1.614907246010751805e+03
1.276305434698797853e+03
1.522680636972404955e+03
1.053625448526550372e+03
1.654013995806875528e+02
4.291151692041590877e+02
1.670538464280600465e+03
1.154140071423133577e+03
2.921553915340994081e+02
1.150701084505069048e+03
1.464767598206224420e+03
1.168818993521082348e+03
9.472857677833707157e+02
1.631587253863690648e+03
7.810865598280865925e+02
1.033350197915402987e+03
6.904193501776974244e+02
5.132689897296021400e+02
4.268677697222694292e+02
3.722351803257686242e+02
4.213647277440387029e+02
2.171026585622366554e+02
2.221606856437017541e+02
3.482016635589325233e+02
1.391413235053684048e+02
6.589322720982231658e+02
1.404726212706962997e+03
1.306709804004053694e+03
2.902774911959958217e+02
8.136034513585174182e+02
3.224316983893380097e+02
1.449486910850525192e+03
1.824382063883351748e+03
7.869380407879058339e+02
4.162707900381775517e+02
3.967555148946892132e+02
6.269126899090260849e+02
5.132383103261504402e+02
1.291262574259558733e+03
2.183228440033670381e+02
7.248892005281817319e+02
1.210100275351359869e+03
1.178895128006060759e+03
9.518521741303297858e+02
1.089430971077053982e+03
7.744442738764594196e+02
1.188334440870047501e+02
3.095709606871698156e+02
1.209655844424896713e+03
8.569262322960451002e+02
2.104373824092538712e+02
7.915055364148952322e+02
1.069676644138682832e+03
8.674914145366625462e+02
6.589622507433664396e+02
1.160917019548269536e+03
5.882848706727777426e+02
7.402731185399497917e+02
4.734723126292697089e+02
3.692981304544399563e+02
2.980466299721016412e+02
2.588554235034462749e+02
2.914353077620046406e+02
1.405227997826603712e+02
1.532629138115564160e+02
2.421852235520216254e+02
8.824425733954697648e+01
4.415382196388613352e+02
9.595655599010277683e+02
9.208975651394046054e+02
2.056089028552630396e+02
5.810347209238605046e+02
2.269592269635339505e+02
1.015595079007691538e+03
1.275518450013859365e+03
5.616961456481675441e+02
3.131796161114816641e+02
2.759848072116192270e+02
4.363902033351124032e+02
3.626984482266324221e+02
9.002803082338374452e+02
1.415083085325238130e+02
4.576459559782501856e+02
7.621726952642519564e+02
7.274195845006047421e+02
5.884180167113815969e+02
6.548954767930869139e+02
4.733475603879689402e+02
7.288651314782997304e+01
1.903692672940763089e+02
7.402687571801014883e+02
5.364154678465889674e+02
1.315730876175716446e+02
4.783176354735328459e+02
6.689925430084493883e+02
5.467408354066179754e+02
4.038537121682434190e+02
7.228613381731581740e+02
3.728499434504412875e+02
4.582363515874725408e+02
2.749413187212006733e+02
2.228853915497819855e+02
1.784434195995662265e+02
1.513295957902185762e+02
1.688397502095890559e+02
7.943629583634111668e+01
7.711358108888833840e+01
1.478356172987866159e+02
4.755946885596797102e+01
2.574536774549600295e+02
5.818224286036152080e+02
5.690419770012883873e+02
1.252656528800901867e+02
3.650807661503613986e+02
1.424909219107624949e+02
6.178994193066572507e+02
7.597403612779945661e+02
3.471154706213472991e+02
1.974027314845760941e+02
1.633525253950857348e+02
2.614378158564177852e+02
2.212963935817354013e+02
5.484107271477148515e+02
8.776835746733993915e+01
2.819072022435049121e+02
4.695952990736717538e+02
4.466490678064398026e+02
3.590364006418514009e+02
3.960022770019525638e+02
2.888547176860092236e+02
4.525076570962108491e+01
1.158866292578536701e+02
4.483895913151108630e+02
3.306859627690644174e+02
8.286399007108653336e+01
2.981268664537393533e+02
4.171071762804514833e+02
3.352879754902830882e+02
2.490356811364460725e+02
4.545618545544629683e+02
2.294761729224959765e+02
2.883540741567418877e+02
1.624564873693195182e+02
1.349993829541733135e+02
1.072772702233727387e+02
8.866885373270837079e+01
1.031629130499154599e+02
4.746263231006147976e+01
4.377021106553930707e+01
8.975206721836900670e+01
2.748352062430045706e+01
1.547906072630444214e+02
3.613561449632952076e+02
3.521336138598187517e+02
7.525218810231928046e+01
2.257754145430407675e+02
8.898247087101476893e+01
3.742431554590297083e+02
4.557101858786028288e+02
2.130422735175835669e+02
1.210065655834342664e+02
9.644802685981204604e+01
1.561652384791233317e+02
1.333881178900014106e+02
3.310410362503403690e+02
5.355257276094837238e+01
1.725889465826808760e+02
2.856651023732017620e+02
2.743187237726883723e+02
2.194667930092059578e+02
2.400084543659227734e+02
1.760643822415759132e+02
2.852551543150799418e+01
7.021801243194187236e+01
2.709462354584466652e+02
2.015530526857793916e+02
5.187100025453180763e+01
1.873135810380794055e+02
2.576701143900261286e+02
2.045858603232772452e+02
1.529470058035881550e+02
2.883496568697304383e+02
1.386293802505388157e+02
1.805833743639548743e+02
9.815700832753881855e+01
8.338203552547568620e+01
6.590197090122964596e+01
5.351823580967628402e+01
6.451331209692656898e+01
2.940308956569895571e+01
2.803506730233704403e+01
5.325495648986681374e+01
1.682963184986945038e+01
9.617980087028951175e+01
2.263016345296773579e+02
2.191069743308848388e+02
4.567831459009546080e+01
1.393093413754835694e+02
5.400293810466287425e+01
2.291112909309594272e+02
2.778169212069437890e+02
1.318095404904260590e+02
7.422727916611738408e+01
5.869848097817505561e+01
9.564191516104642687e+01
8.191875210084791092e+01
2.062049628624934030e+02
3.245234834935898505e+01
1.042991916347491212e+02
1.691838423571752230e+02
1.647116634547722640e+02
1.323560991512588032e+02
1.426107473469940317e+02
1.047572368654417261e+02
1.778073987367319475e+01
4.189427409252896695e+01
1.612245336808516640e+02
1.194803836327533020e+02
3.130452260341251502e+01
1.146959368006078535e+02
1.555396921364317393e+02
1.239244700905287004e+02
9.313567047844603053e+01
1.806160546401069951e+02
8.097360314602053677e+01
1.093933753886033600e+02
5.875005028760806880e+01
5.098598341723407401e+01
3.947121531479113798e+01
3.217271951259242968e+01
3.825989360120464511e+01
1.777393035751046213e+01
1.734919189550159757e+01
3.072158467428284112e+01
1.039858137294014462e+01
5.923794126297710250e+01
1.396319164759295575e+02
1.346564834363749128e+02
2.783029702205536893e+01
8.557948621515892285e+01
3.204113193173989060e+01
1.409716736833269408e+02
1.689703452258731318e+02
8.095692151975259776e+01
4.485599840172081798e+01
3.665630766853961120e+01
5.970420068570762595e+01
5.145902722684216002e+01
1.333048460701699582e+02
1.975848630536496842e+01
6.256562026515735653e+01
9.908087384452417723e+01
9.796185708169446116e+01
7.871966147593330732e+01
8.449949551499661027e+01
6.149759842248652575e+01
1.101293836384845015e+01
2.512193671883857249e+01
9.618487851351682139e+01
7.038147846679306952e+01
1.860888640696785501e+01
7.040785031002823757e+01
9.316796092121072093e+01
7.528949578071141957e+01
5.730661724489264941e+01
1.128734703785675464e+02
4.763180064625710486e+01
6.526145332219172701e+01
3.489081154926903139e+01
3.054702386118516344e+01
2.338841619328839627e+01
1.942455638132862816e+01
2.201762955926929877e+01
1.073143445394087081e+01
1.044690699918529653e+01
1.841759204854612975e+01
6.453111759599758024e+00
3.662410700967994615e+01
8.642532667506242205e+01
8.255493140746081338e+01
1.696193688626270557e+01
5.331319128248654948e+01
1.947220055124248717e+01
8.775829370116319694e+01
1.026984198605417760e+02
4.986112357011087681e+01
2.716220262651162898e+01
2.323948259136761862e+01
3.782537076489349914e+01
3.300716520263971887e+01
8.899435347839234112e+01
1.190740316807681154e+01
3.728707570952560246e+01
5.869494953705010687e+01
5.854976209793111508e+01
4.686262043254310328e+01
5.103675374949029475e+01
3.660211672471339028e+01
6.794684640126567032e+00
1.551335487554955250e+01
5.836358787969573569e+01
4.226075700706183369e+01
1.134794333878269690e+01
4.372159006906547063e+01
5.598147541418470041e+01
4.588248019251513909e+01
3.553192949842563308e+01
7.033684771675032721e+01
2.908273305752534554e+01
3.960894318183731855e+01
2.091999598169226005e+01
1.839756324124356723e+01
1.412377405904571503e+01
1.203700694116091796e+01
1.315636822480828272e+01
6.784154486078450397e+00
6.946376444479099632e+00
1.171082287053344473e+01
4.129673158734079585e+00
2.315118470701720810e+01
5.408983389977947809e+01
5.093282661413739731e+01
1.033825792534257459e+01
3.336583633972754370e+01
1.208229612910300865e+01
5.502391977151371094e+01
6.297414566318193607e+01
3.075341207672506272e+01
1.654719519815840911e+01
1.479257049633591414e+01
2.432598522113972095e+01
2.146195324142010463e+01
6.036227979904877827e+01
